1	1	1	702	702	0.0653
2	1	1	702	702	0.0646
3	1	1	702	702	0.0639
4	1	1	702	702	0.0654
5	1	1	702	702	0.0635
6	1	1	702	702	0.0642
7	1	1	702	702	0.0629
8	1	1	702	702	0.0634
9	1	1	702	702	0.0657
10	1	1	702	702	0.0638
11	1	1	702	702	0.0635
12	1	1	702	702	0.0631
13	1	1	702	702	0.0636
14	1	1	702	702	0.0636
15	1	1	702	702	0.0636
16	1	1	702	702	0.0638
17	1	1	702	702	0.0637
18	1	1	702	702	0.0641
19	1	1	702	702	0.064
20	1	1	702	702	0.0646
21	1	1	702	702	0.0658
22	1	1	702	702	0.065
23	1	1	702	702	0.0644
24	1	1	702	702	0.0645
25	1	1	422	422	0.0652
25	1	423	702	280	0.0504
26	1	1	702	702	0.0508
27	1	1	702	702	0.0499
28	1	1	128	128	0.0499
28	1	129	138	10	0.0895
28	1	139	628	490	0.0505
28	1	629	638	10	0.095
28	1	639	702	64	0.0519
29	1	1	702	702	0.0525
30	1	1	702	702	0.0528
31	1	1	702	702	0.0521
32	1	1	702	702	0.0518
33	1	1	617	617	0.052
33	1	618	637	20	0.0764
33	1	638	702	65	0.0522
34	1	1	412	412	0.0517
34	1	413	434	22	0.0732
34	1	435	702	268	0.0508
35	1	1	213	213	0.0509
35	1	214	263	50	0.0671
35	1	264	702	439	0.0519
36	1	1	11	11	0.0532
36	1	12	63	52	0.0677
36	1	64	702	639	0.0526
37	1	1	702	702	0.0512
38	1	1	702	702	0.0516
39	1	1	702	702	0.0516
40	1	1	702	702	0.0516
41	1	1	702	702	0.0512
42	1	1	702	702	0.0502
43	1	1	94	94	0.0526
43	1	95	148	54	0.0445
43	1	149	702	554	0.0526
44	1	1	702	702	0.053
45	1	1	702	702	0.0529
46	1	1	702	702	0.0531
47	1	1	680	680	0.053
47	1	681	702	22	0.0382
48	1	1	478	478	0.0525
48	1	479	503	25	0.0382
48	1	504	702	199	0.0521
49	1	1	278	278	0.0531
49	1	279	328	50	0.0379
49	1	329	702	374	0.0523
50	1	1	76	76	0.0518
50	1	77	121	45	0.0373
50	1	122	702	581	0.0519
